Federal Office of Meteorology and Climatology MeteoSwiss
MeteoSchweiz / MeteoSuisse / MeteoSvizzera / MeteoSwiss

Monthly homogenized values

Station:                  Davos
Altitude [m asl]:         1594 m
Coordinates:              46° 48.8' N / 9° 50.6' E

Reference date of homogenization:
         Temperature:     01.12.2009
         Precipitation:   01.12.2007

Last inhomogeneity provisionally corrected:
         Temperature:     yes
         Precipitation:   no

Units:
         Temperature:     °C
         Precipitation:   mm

Missing values:           NA

Data source:              MeteoSwiss
Creation date:            7.12.2015


Year  Month        Temperature      Precipitation  
1866     12               -3.4              111.0  
1867      1               -5.1              140.7  
1867      2               -1.2               62.0  
1867      3               -1.0               36.9  
1867      4                1.7              131.8  
1867      5                6.1              112.7  
1867      6                9.5               75.9  
1867      7               10.0               49.3  
1867      8               11.7               72.0  
1867      9                9.4               76.7  
1867     10                2.2              110.5  
1867     11               -2.9               32.0  
1867     12               -7.7              141.8  
1868      1               -7.2               36.4  
1868      2               -4.1               17.8  
1868      3               -4.2              133.7  
1868      4                0.0              162.2  
1868      5                8.8               22.9  
1868      6               10.4              129.2  
1868      7               10.9              136.9  
1868      8               11.0              110.9  
1868      9                9.4               98.9  
1868     10                4.3              115.1  
1868     11               -3.5               21.2  
1868     12               -0.7               85.0  
1869      1               -8.0               45.1  
1869      2               -0.2               33.6  
1869      3               -5.6               91.5  
1869      4                2.1               28.6  
1869      5                8.6               68.2  
1869      6                6.8              136.2  
1869      7               13.4               65.9  
1869      8                9.4              145.6  
1869      9                9.4               62.8  
1869     10                0.8               92.9  
1869     11               -2.0               76.5  
1869     12               -5.0               35.9  
1870      1               -8.1               28.3  
1870      2               -4.7               20.4  
1870      3               -4.2               51.4  
1870      4                0.0               36.1  
1870      5                7.1               31.4  
1870      6                9.6               65.8  
1870      7               12.5               88.5  
1870      8                8.5              142.7  
1870      9                6.6               44.4  
1870     10                2.4              106.0  
1870     11               -1.1               67.2  
1870     12               -7.6               53.6  
1871      1               -9.2               47.6  
1871      2               -4.9               33.6  
1871      3               -1.5               14.8  
1871      4                1.6              120.1  
1871      5                5.0               55.2  
1871      6                5.6              123.5  
1871      7               11.2              193.3  
1871      8               11.1              108.2  
1871      9               10.1               42.8  
1871     10                2.0               23.6  
1871     11               -3.5               24.9  
1871     12                 NA                 NA  
1872      1                 NA                 NA  
1872      2                 NA                 NA  
1872      3                 NA                 NA  
1872      4                 NA                 NA  
1872      5                 NA                 NA  
1872      6                 NA                 NA  
1872      7                 NA                 NA  
1872      8                 NA                 NA  
1872      9                 NA                 NA  
1872     10                 NA                 NA  
1872     11                 NA                 NA  
1872     12                 NA                 NA  
1873      1                 NA                 NA  
1873      2                 NA                 NA  
1873      3                 NA                 NA  
1873      4                 NA                 NA  
1873      5                 NA                 NA  
1873      6                 NA                 NA  
1873      7               13.1              144.3  
1873      8               11.7              155.0  
1873      9                7.0              123.8  
1873     10                4.5               58.5  
1873     11               -1.0              103.7  
1873     12               -7.2               50.0  
1874      1               -6.5               65.7  
1874      2               -7.5               25.1  
1874      3               -3.9               23.2  
1874      4                2.7               49.7  
1874      5                2.9               62.9  
1874      6                9.9              122.5  
1874      7               13.7              125.3  
1874      8                9.4               72.4  
1874      9                9.6               20.5  
1874     10                4.7               13.0  
1874     11               -5.0              232.4  
1874     12               -8.4               33.6  
1875      1               -5.1              130.5  
1875      2               -8.3               99.5  
1875      3               -4.0                 NA  
1875      4                0.2                 NA  
1875      5                7.9                 NA  
1875      6                9.8                 NA  
1875      7               10.3                 NA  
1875      8               11.9                 NA  
1875      9                8.3                 NA  
1875     10                2.8                 NA  
1875     11               -2.8                 NA  
1875     12               -7.3                 NA  
1876      1               -6.6              106.9  
1876      2               -4.5              172.9  
1876      3               -1.7              144.0  
1876      4                2.6              138.5  
1876      5                3.2               71.8  
1876      6                9.4              134.3  
1876      7               11.8               53.8  
1876      8               11.2              100.9  
1876      9                6.6               62.3  
1876     10                5.6               16.5  
1876     11               -2.8               45.0  
1876     12               -2.5               67.5  
1877      1               -3.9               66.2  
1877      2               -3.5              179.3  
1877      3               -4.1              101.0  
1877      4                0.6               95.8  
1877      5                3.8              111.3  
1877      6               12.0              142.5  
1877      7                9.9              230.6  
1877      8               12.2              104.6  
1877      9                5.8               17.5  
1877     10                1.4               33.2  
1877     11               -0.3               73.3  
1877     12               -6.4               90.9  
1878      1               -8.8              116.2  
1878      2               -4.3               17.1  
1878      3               -4.5              184.8  
1878      4                1.3               76.1  
1878      5                6.4              130.3  
1878      6                8.9              141.8  
1878      7               10.1              170.7  
1878      8               11.1              176.1  
1878      9                7.9              154.8  
1878     10                4.3               64.6  
1878     11               -3.7               90.3  
1878     12               -8.2               33.5  
1879      1               -6.2               29.1  
1879      2               -4.5               78.1  
1879      3               -1.8               26.7  
1879      4               -0.1               78.7  
1879      5                2.8              101.4  
1879      6                9.5               98.8  
1879      7                8.1              181.9  
1879      8               12.3              126.9  
1879      9                8.1               52.1  
1879     10                2.6               28.4  
1879     11               -5.4              117.1  
1879     12               -9.6               30.6  
1880      1               -9.3               22.2  
1880      2               -3.7               38.4  
1880      3               -0.5               44.9  
1880      4                2.7               55.7  
1880      5                5.3               78.4  
1880      6                7.7              203.7  
1880      7               12.4              147.5  
1880      8                9.3              174.4  
1880      9                7.7              120.5  
1880     10                4.2              139.5  
1880     11               -0.4               66.7  
1880     12               -2.6              121.5  
1881      1               -9.4               17.2  
1881      2               -4.2               58.1  
1881      3               -1.1               70.1  
1881      4                1.5               60.6  
1881      5                5.3               91.1  
1881      6                8.1               45.7  
1881      7               13.0              124.4  
1881      8               11.0              141.5  
1881      9                5.7              143.6  
1881     10                0.3               54.3  
1881     11                0.9               20.7  
1881     12               -4.9               26.4  
1882      1               -4.5                5.7  
1882      2               -4.7               14.6  
1882      3               -0.7               28.6  
1882      4                1.3               40.5  
1882      5                6.9               46.4  
1882      6                8.4              200.3  
1882      7                9.9              122.2  
1882      8                8.2              198.9  
1882      9                6.6              163.5  
1882     10                4.0              123.8  
1882     11               -1.9               83.2  
1882     12               -4.5              167.7  
1883      1               -5.4               18.0  
1883      2               -3.2               12.9  
1883      3               -6.1               22.8  
1883      4                0.1               13.9  
1883      5                5.4               64.5  
1883      6                8.3              148.9  
1883      7                9.5              174.7  
1883      8                9.9               73.1  
1883      9                7.0              163.7  
1883     10                1.6               40.4  
1883     11               -2.2               34.0  
1883     12               -6.5              113.2  
1884      1               -4.9               62.9  
1884      2               -3.8               25.6  
1884      3               -1.6                5.7  
1884      4                1.6               24.1  
1884      5                7.3               59.1  
1884      6                5.9               91.6  
1884      7               11.5              163.3  
1884      8               10.9              100.1  
1884      9                8.0               32.2  
1884     10                1.7               25.6  
1884     11               -3.4               10.1  
1884     12               -5.0               35.9  
1885      1               -8.1                4.0  
1885      2               -1.7               28.2  
1885      3               -1.2               11.3  
1885      4                3.0               35.5  
1885      5                4.0               99.9  
1885      6               10.8               59.9  
1885      7               11.7              112.1  
1885      8                9.7              111.1  
1885      9                6.7              239.7  
1885     10                1.8              113.6  
1885     11               -0.2               40.1  
1885     12               -6.3               14.1  
1886      1               -7.5               29.7  
1886      2               -7.9               29.7  
1886      3               -4.4               18.4  
1886      4                2.9               42.6  
1886      5                6.5               44.9  
1886      6                7.2              158.2  
1886      7               11.3              142.1  
1886      8               10.3              119.4  
1886      9                9.1               40.3  
1886     10                4.6               46.6  
1886     11               -1.6               48.7  
1886     12               -5.6               86.3  
1887      1               -9.7                7.5  
1887      2               -8.3                5.6  
1887      3               -3.7               46.4  
1887      4                0.9               23.5  
1887      5                2.9               48.8  
1887      6                9.9               21.4  
1887      7               12.3              116.9  
1887      8                9.9              128.1  
1887      9                6.3               76.4  
1887     10               -0.7               35.2  
1887     11               -2.0               43.2  
1887     12               -8.1               93.3  
1888      1               -8.1               57.0  
1888      2               -6.9              128.5  
1888      3               -3.7               69.6  
1888      4               -0.5               46.4  
1888      5                6.3               10.7  
1888      6                9.1               59.2  
1888      7                8.3               85.5  
1888      8                8.8              148.5  
1888      9                8.0              152.1  
1888     10                0.9               69.8  
1888     11                0.0               72.0  
1888     12               -4.0                2.0  
1889      1               -6.9               23.3  
1889      2               -7.8              124.5  
1889      3               -5.2               27.9  
1889      4               -1.0               82.4  
1889      5                6.9               80.5  
1889      6               10.0              148.0  
1889      7               10.1              139.1  
1889      8                9.5              130.6  
1889      9                6.2               92.5  
1889     10                3.4              112.5  
1889     11               -1.0               22.0  
1889     12               -8.6               15.4  
1890      1               -4.1               41.2  
1890      2               -8.1                1.0  
1890      3               -2.6               51.2  
1890      4                1.1               37.4  
1890      5                7.1               84.5  
1890      6                7.8              182.5  
1890      7                8.9              172.7  
1890      8                9.8              228.8  
1890      9                6.2               40.9  
1890     10                0.8               69.7  
1890     11               -3.2               73.1  
1890     12               -9.1               11.5  
1891      1              -12.3               37.1  
1891      2               -7.0               11.5  
1891      3               -2.8               39.7  
1891      4               -1.0               42.9  
1891      5                5.9               83.6  
1891      6                9.2              129.2  
1891      7                9.5              204.9  
1891      8                8.5              228.5  
1891      9                8.1               60.1  
1891     10                4.4               46.6  
1891     11               -1.7               38.3  
1891     12               -4.9              142.2  
1892      1               -7.0               69.4  
1892      2               -4.2              180.6  
1892      3               -5.6               18.6  
1892      4                0.5               45.5  
1892      5                5.9               22.8  
1892      6                8.6              212.6  
1892      7               10.2              136.9  
1892      8               11.0               68.5  
1892      9                7.7               97.6  
1892     10                2.7               57.3  
1892     11               -0.1               15.0  
1892     12               -7.3               18.2  
1893      1              -10.6               82.0  
1893      2               -5.3              120.5  
1893      3               -1.9               22.2  
1893      4                3.6               21.6  
1893      5                5.3               77.2  
1893      6                8.6              109.2  
1893      7               10.7              144.3  
1893      8               11.0               34.3  
1893      9                7.7              133.6  
1893     10                5.2               39.1  
1893     11               -2.7               39.2  
1893     12               -5.9               24.8  
1894      1               -7.4               11.2  
1894      2               -4.9              105.8  
1894      3               -2.4               19.6  
1894      4                2.8               38.7  
1894      5                5.4               69.3  
1894      6                8.2               71.6  
1894      7               11.4              140.4  
1894      8                9.6              128.5  
1894      9                6.5              136.3  
1894     10                3.3               51.2  
1894     11               -0.1               16.5  
1894     12               -6.9               40.4  
1895      1              -10.5               53.2  
1895      2              -10.9                6.4  
1895      3               -3.3               64.0  
1895      4                2.5               42.7  
1895      5                5.3               94.0  
1895      6                8.7               67.7  
1895      7               11.8              133.5  
1895      8                9.7              103.5  
1895      9                9.6               18.0  
1895     10                3.1               51.7  
1895     11                2.1               30.2  
1895     12               -5.2              160.8  
1896      1               -8.7               51.0  
1896      2               -5.2               38.7  
1896      3               -0.8              205.7  
1896      4               -1.3              111.7  
1896      5                3.6               29.0  
1896      6                9.3              116.1  
1896      7               11.1              199.0  
1896      8                7.5              172.9  
1896      9                6.6              124.1  
1896     10                2.8               90.6  
1896     11               -3.1               24.6  
1896     12               -5.3               30.3  
1897      1               -6.6               23.6  
1897      2               -2.3              110.6  
1897      3               -1.0               80.0  
1897      4                1.9               36.8  
1897      5                4.2               85.0  
1897      6               10.3              127.6  
1897      7               10.9              134.0  
1897      8               10.6              121.8  
1897      9                6.4              114.0  
1897     10                2.5                5.6  
1897     11               -0.3               13.7  
1897     12               -6.4               28.4  
1898      1               -3.5                9.9  
1898      2               -5.6              160.9  
1898      3               -2.2               64.0  
1898      4                1.9               47.1  
1898      5                4.9               84.2  
1898      6                8.0              190.0  
1898      7                9.2              108.8  
1898      8               11.4              129.2  
1898      9                8.6                7.8  
1898     10                5.1               89.6  
1898     11                1.6               65.5  
1898     12               -5.8               35.6  
1899      1               -4.9              206.3  
1899      2               -3.9                3.4  
1899      3               -2.4               40.8  
1899      4                0.8              133.2  
1899      5                4.5              100.2  
1899      6                8.7               53.4  
1899      7               10.2               77.7  
1899      8               10.8               84.7  
1899      9                6.2              146.2  
1899     10                4.7               20.3  
1899     11                0.1                3.1  
1899     12               -6.2               57.0  
1900      1               -4.9               81.1  
1900      2               -2.4               65.9  
1900      3               -5.3               32.0  
1900      4                0.4               47.4  
1900      5                5.4               95.7  
1900      6                9.9               53.7  
1900      7               11.9              120.1  
1900      8                9.3              202.7  
1900      9                9.6               41.8  
1900     10                4.1               30.9  
1900     11                0.0               51.4  
1900     12               -3.7               62.6  
1901      1               -7.5               62.5  
1901      2              -10.7               22.1  
1901      3               -3.6               98.8  
1901      4                1.8              108.2  
1901      5                6.0               58.1  
1901      6                9.6              198.7  
1901      7               10.6              172.9  
1901      8               10.4              182.0  
1901      9                8.4              115.9  
1901     10                3.7               65.5  
1901     11               -3.0               23.4  
1901     12               -4.3               54.6  
1902      1               -5.7               79.0  
1902      2               -3.8               16.2  
1902      3               -3.0              116.8  
1902      4                3.4               26.2  
1902      5                1.6               76.3  
1902      6                8.0               77.6  
1902      7               11.6               79.4  
1902      8               10.0               99.0  
1902      9                7.6               78.1  
1902     10                2.8               52.1  
1902     11               -1.2                5.1  
1902     12               -5.4              125.2  
1903      1               -6.8               42.0  
1903      2               -3.6               42.1  
1903      3               -1.6               33.7  
1903      4               -1.9               76.3  
1903      5                5.7               52.8  
1903      6                8.4               87.8  
1903      7                9.5              141.0  
1903      8               10.5              125.5  
1903      9                7.5               32.6  
1903     10                3.6               64.7  
1903     11               -2.3               94.3  
1903     12               -6.7               19.2  
1904      1               -6.8               11.6  
1904      2               -4.7               87.0  
1904      3               -2.3               44.5  
1904      4                2.8               67.0  
1904      5                7.2              148.8  
1904      6               10.5              104.5  
1904      7               12.6               96.4  
1904      8               10.9              101.6  
1904      9                6.0               93.6  
1904     10                3.6               39.0  
1904     11               -2.4               52.9  
1904     12               -5.1               51.0  
1905      1               -9.3               86.6  
1905      2               -6.6               37.9  
1905      3               -1.8               58.2  
1905      4                1.0               85.8  
1905      5                5.3               95.7  
1905      6                9.9               88.0  
1905      7               13.1              107.0  
1905      8               10.3              235.0  
1905      9                8.5               80.3  
1905     10               -2.1               51.6  
1905     11               -2.3               78.3  
1905     12               -5.8               21.0  
1906      1               -7.1               59.6  
1906      2               -7.3               52.8  
1906      3               -3.8               61.2  
1906      4                0.6               41.0  
1906      5                5.8              102.2  
1906      6                8.1               83.3  
1906      7               10.9              134.6  
1906      8               11.0               74.3  
1906      9                6.3               95.3  
1906     10                5.2               16.0  
1906     11               -0.4               83.0  
1906     12               -8.7               69.6  
1907      1               -6.9               84.6  
1907      2               -8.2               29.4  
1907      3               -4.8              127.8  
1907      4               -0.7               83.7  
1907      5                6.4               63.0  
1907      6                9.0              142.9  
1907      7                8.8              135.8  
1907      8               10.9              118.2  
1907      9                8.5               50.3  
1907     10                5.6               78.8  
1907     11               -0.4               20.3  
1907     12               -3.8               72.1  
1908      1               -6.5               27.2  
1908      2               -5.6              128.1  
1908      3               -4.5               41.4  
1908      4               -0.9               58.3  
1908      5                7.6               89.6  
1908      6               10.9               89.8  
1908      7               10.2              187.1  
1908      8                8.7              185.4  
1908      9                6.8               86.1  
1908     10                4.6               12.9  
1908     11               -2.3               58.7  
1908     12               -6.5               25.1  
1909      1               -8.5               24.0  
1909      2               -9.1               56.4  
1909      3               -4.2               32.9  
1909      4                2.9               52.8  
1909      5                5.4               56.8  
1909      6                7.6              138.6  
1909      7                9.0              155.0  
1909      8               10.1              145.8  
1909      9                6.7               70.0  
1909     10                4.9               55.9  
1909     11               -3.7               59.8  
1909     12               -3.0               58.6  
1910      1               -5.6              150.2  
1910      2               -5.0               49.6  
1910      3               -2.5               15.1  
1910      4                1.0               69.2  
1910      5                4.0               74.6  
1910      6                9.4              209.0  
1910      7                8.7              139.1  
1910      8                9.7              159.0  
1910      9                5.3               95.2  
1910     10                4.8               36.0  
1910     11               -3.1               98.6  
1910     12               -2.6               61.8  
1911      1               -9.0                8.2  
1911      2               -6.0               74.3  
1911      3               -2.6               48.8  
1911      4                0.5               61.9  
1911      5                5.9               44.3  
1911      6                8.5              152.8  
1911      7               13.2               49.7  
1911      8               12.5              108.5  
1911      9                8.4              117.1  
1911     10                3.6               89.2  
1911     11               -0.1               60.0  
1911     12               -3.0              130.1  
1912      1               -4.3               65.3  
1912      2               -1.7               28.1  
1912      3               -0.6               84.6  
1912      4               -0.1               38.5  
1912      5                6.0              162.8  
1912      6                9.4              119.4  
1912      7               10.2              147.1  
1912      8                7.3              211.8  
1912      9                2.8               50.7  
1912     10                2.5              113.9  
1912     11               -4.9               50.8  
1912     12               -3.5               29.0  
1913      1               -4.5               72.9  
1913      2               -6.1               15.8  
1913      3                0.0               34.7  
1913      4                1.1               47.8  
1913      5                5.6               82.7  
1913      6                8.6              129.2  
1913      7                7.5              159.7  
1913      8                9.1              124.1  
1913      9                7.3               72.3  
1913     10                5.3               64.1  
1913     11                0.6              144.6  
1913     12               -5.7               71.0  
1914      1               -9.7              137.1  
1914      2               -2.3               28.5  
1914      3               -1.6              110.2  
1914      4                2.8               40.3  
1914      5                4.5               86.9  
1914      6                7.5               85.7  
1914      7                9.2              165.4  
1914      8               10.8              143.5  
1914      9                6.9               72.2  
1914     10                3.2               75.4  
1914     11               -2.6               42.9  
1914     12               -3.4               22.2  
1915      1               -7.1              103.4  
1915      2               -5.4               41.7  
1915      3               -3.1               83.9  
1915      4                0.6               36.1  
1915      5                8.7               89.8  
1915      6               10.9               88.2  
1915      7               10.3              196.8  
1915      8                9.0               74.3  
1915      9                6.2              109.7  
1915     10                1.1                5.5  
1915     11               -4.2               47.1  
1915     12               -1.3               53.2  
1916      1               -4.6              119.2  
1916      2               -4.5              108.4  
1916      3               -1.1               69.7  
1916      4                1.8               59.0  
1916      5                6.7               44.0  
1916      6                7.1              217.2  
1916      7               10.1              121.0  
1916      8                9.8              138.3  
1916      9                5.5               86.9  
1916     10                2.7              105.8  
1916     11               -1.7               85.6  
1916     12               -3.9              117.1  
1917      1               -8.6               70.8  
1917      2               -7.4                7.8  
1917      3               -3.8               23.1  
1917      4               -2.0               83.5  
1917      5                8.5               62.1  
1917      6               11.1               73.9  
1917      7               11.0              133.2  
1917      8               10.1              198.4  
1917      9                9.7               47.4  
1917     10                0.6              141.2  
1917     11               -3.2               43.1  
1917     12               -8.7               32.7  
1918      1               -5.5               32.6  
1918      2               -5.3               36.4  
1918      3               -2.1               37.0  
1918      4                2.5               52.6  
1918      5                7.5               18.6  
1918      6                6.7              120.4  
1918      7               10.6               81.7  
1918      8                9.8              112.7  
1918      9                8.3              132.9  
1918     10                2.3               50.6  
1918     11               -1.2               24.1  
1918     12               -3.4              231.8  
1919      1               -6.9               42.4  
1919      2               -6.6               41.3  
1919      3               -2.6               32.1  
1919      4               -0.8               93.3  
1919      5                4.3               62.6  
1919      6                8.9              127.8  
1919      7                7.8              141.4  
1919      8               12.0               66.8  
1919      9                9.1               58.7  
1919     10               -0.5               47.2  
1919     11               -4.1              115.6  
1919     12               -5.5              158.8  
1920      1               -3.6              133.9  
1920      2               -4.2               27.5  
1920      3               -0.6               49.2  
1920      4                2.1               66.4  
1920      5                8.7              104.4  
1920      6                9.0               77.2  
1920      7               10.7              215.1  
1920      8                8.7               84.4  
1920      9                7.7              208.1  
1920     10                4.4                2.3  
1920     11                0.0                0.4  
1920     12               -5.1               27.9  
1921      1               -3.1              109.8  
1921      2               -6.3                7.4  
1921      3               -1.2               17.5  
1921      4                0.5               63.4  
1921      5                7.7               81.9  
1921      6                8.7              141.3  
1921      7               12.6               45.7  
1921      8               10.7               95.7  
1921      9                9.3               73.3  
1921     10                5.5               44.7  
1921     11               -3.6               62.6  
1921     12               -4.1               29.7  
1922      1               -7.3              160.2  
1922      2               -5.0               61.5  
1922      3               -1.2               51.7  
1922      4                0.2               70.9  
1922      5                7.1               61.9  
1922      6                9.5              123.9  
1922      7                9.3              195.1  
1922      8               10.5              106.4  
1922      9                5.2              132.3  
1922     10                2.6               65.6  
1922     11               -4.4              101.2  
1922     12               -6.2               98.2  
1923      1               -7.1               54.4  
1923      2               -3.3               63.2  
1923      3               -2.1               13.1  
1923      4                1.4               55.1  
1923      5                6.4               74.1  
1923      6                5.4               90.2  
1923      7               12.9               78.5  
1923      8               11.6               98.2  
1923      9                6.7               92.2  
1923     10                4.9               89.4  
1923     11               -1.0               54.9  
1923     12               -6.1              183.3  
1924      1               -7.7               26.9  
1924      2               -8.2               51.3  
1924      3               -2.8                7.4  
1924      4                1.6               62.2  
1924      5                7.2               85.8  
1924      6                8.6              183.8  
1924      7               10.8              168.1  
1924      8                7.6              160.9  
1924      9                7.7               95.7  
1924     10                3.8               31.6  
1924     11               -0.3                5.4  
1924     12               -4.4               25.4  
1925      1               -4.1               18.9  
1925      2               -4.0               56.2  
1925      3               -4.9               30.5  
1925      4                1.6               52.8  
1925      5                6.5               36.4  
1925      6               10.0               51.7  
1925      7               10.2              132.1  
1925      8                9.7              219.3  
1925      9                5.2               67.7  
1925     10                3.8               30.4  
1925     11               -2.4               39.2  
1925     12               -6.4               90.8  
1926      1               -5.8               38.3  
1926      2               -0.5               46.1  
1926      3               -1.3              114.9  
1926      4                2.6               66.1  
1926      5                4.3              147.3  
1926      6                6.1              217.3  
1926      7                9.5              170.2  
1926      8               10.7               58.1  
1926      9                9.5               25.8  
1926     10                3.5               98.0  
1926     11                1.8               72.7  
1926     12               -6.0               65.4  
1927      1               -5.8               86.4  
1927      2               -5.7               37.0  
1927      3               -1.8               68.7  
1927      4                1.4               78.5  
1927      5                6.8               53.5  
1927      6                9.3              116.8  
1927      7               10.7              162.0  
1927      8               10.1              158.1  
1927      9                7.5              173.7  
1927     10                3.3               22.4  
1927     11                0.1               79.4  
1927     12               -3.7               30.3  
1928      1               -5.1               46.2  
1928      2               -4.2               97.3  
1928      3               -0.8               19.1  
1928      4                2.0               80.8  
1928      5                3.8               98.8  
1928      6                9.4               86.2  
1928      7               13.8               99.0  
1928      8               11.5              216.3  
1928      9                7.7               62.1  
1928     10                3.8              145.6  
1928     11               -0.4              131.1  
1928     12               -7.0               54.5  
1929      1              -10.4               30.7  
1929      2              -10.6               10.4  
1929      3               -2.2               15.9  
1929      4               -0.4               46.5  
1929      5                6.8               46.0  
1929      6                9.9              102.5  
1929      7               11.9              107.5  
1929      8               10.5              193.3  
1929      9                9.8               40.9  
1929     10                4.1               53.9  
1929     11               -0.5               30.1  
1929     12               -3.4               90.6  
1930      1               -3.6               20.9  
1930      2               -6.4                1.1  
1930      3               -0.5               41.1  
1930      4                2.5               43.5  
1930      5                5.1              107.1  
1930      6               11.7               84.8  
1930      7               10.0              146.7  
1930      8               10.1              188.2  
1930      9                8.1              129.4  
1930     10                2.9               82.5  
1930     11                0.7               40.1  
1930     12               -5.2               38.9  
1931      1               -8.1              108.4  
1931      2               -7.4               68.7  
1931      3               -3.4               58.7  
1931      4                0.3               37.8  
1931      5                7.9               85.1  
1931      6               11.5              111.3  
1931      7               10.6              204.5  
1931      8                9.1              221.0  
1931      9                3.8               98.0  
1931     10                3.0               40.3  
1931     11                0.7               20.9  
1931     12               -7.1               44.1  
1932      1               -5.2               88.7  
1932      2              -10.6                3.8  
1932      3               -3.5               54.1  
1932      4                0.1               67.4  
1932      5                4.9              109.9  
1932      6                8.3               68.9  
1932      7               10.7              185.1  
1932      8               12.7               79.2  
1932      9               11.1               59.0  
1932     10                3.0               93.4  
1932     11               -0.4               44.3  
1932     12               -3.3                2.2  
1933      1               -8.1               34.1  
1933      2               -5.7               48.0  
1933      3               -1.3               52.8  
1933      4                1.9               41.0  
1933      5                4.1              140.8  
1933      6                6.7              135.0  
1933      7               11.8              158.4  
1933      8               11.4               89.2  
1933      9                8.3               74.5  
1933     10                3.1              118.6  
1933     11               -2.3               40.0  
1933     12               -8.2               14.5  
1934      1               -6.2               40.9  
1934      2               -5.8               10.2  
1934      3               -1.5               50.3  
1934      4                4.3               38.8  
1934      5                8.1               47.4  
1934      6                9.1              182.2  
1934      7               12.1              113.6  
1934      8                9.3              226.1  
1934      9                8.9               66.0  
1934     10                2.8               77.2  
1934     11               -1.1               60.7  
1934     12               -0.9               51.8  
1935      1               -9.1               43.9  
1935      2               -5.5              282.4  
1935      3               -4.5               64.1  
1935      4               -0.1               87.3  
1935      5                3.8               89.4  
1935      6               11.2               84.7  
1935      7               11.7              103.3  
1935      8                9.7              129.3  
1935      9                8.0               76.5  
1935     10                3.3              187.2  
1935     11               -0.6               69.9  
1935     12               -6.4               80.5  
1936      1               -2.2               58.4  
1936      2               -4.8               56.2  
1936      3               -0.8               18.3  
1936      4                1.5               90.6  
1936      5                6.4               51.9  
1936      6                8.5               83.2  
1936      7               10.1              228.9  
1936      8               10.1               90.0  
1936      9                7.7               86.6  
1936     10               -0.4               75.4  
1936     11               -1.5               13.3  
1936     12               -5.3              139.1  
1937      1               -4.6               61.5  
1937      2               -3.1              131.7  
1937      3               -3.2               64.3  
1937      4                0.6               39.9  
1937      5                7.3               70.2  
1937      6               10.4              102.3  
1937      7               11.2              167.6  
1937      8               10.1              138.2  
1937      9                6.9              107.7  
1937     10                4.2               58.8  
1937     11               -2.1               22.6  
1937     12               -7.4               51.5  
1938      1               -6.6              103.9  
1938      2               -6.5               41.6  
1938      3               -0.6               39.9  
1938      4               -1.8               17.3  
1938      5                4.5               55.9  
1938      6               10.8              134.4  
1938      7               10.7              120.5  
1938      8               10.1              192.8  
1938      9                8.0               54.6  
1938     10                3.5               52.6  
1938     11                0.8               19.0  
1938     12               -4.9               44.4  
1939      1               -4.0               43.8  
1939      2               -3.7               21.1  
1939      3               -5.7              129.3  
1939      4                3.0               30.0  
1939      5                3.2              124.1  
1939      6                9.8               67.3  
1939      7               10.3              201.2  
1939      8               10.8               84.0  
1939      9                7.0               85.4  
1939     10                2.5              109.1  
1939     11               -0.2              176.4  
1939     12               -6.7               37.5  
1940      1               -8.8               68.4  
1940      2               -5.0               77.6  
1940      3               -2.4               81.1  
1940      4                1.3               50.7  
1940      5                5.2              127.5  
1940      6                8.4              101.2  
1940      7                9.8              161.3  
1940      8                9.2               88.9  
1940      9                7.6              101.7  
1940     10                3.6               26.2  
1940     11               -1.6               78.9  
1940     12              -11.0               77.6  
1941      1               -7.7               20.7  
1941      2               -5.1               41.8  
1941      3               -1.9               49.4  
1941      4                0.3               30.8  
1941      5                3.2               60.4  
1941      6                9.8              104.3  
1941      7               12.0              136.9  
1941      8                9.3              158.2  
1941      9                6.6               50.8  
1941     10                1.8               68.4  
1941     11               -2.4               50.6  
1941     12               -5.8               47.2  
1942      1              -10.4               57.6  
1942      2               -8.6               14.9  
1942      3                0.3               39.3  
1942      4                2.2               41.2  
1942      5                6.1               94.0  
1942      6                9.3              153.0  
1942      7               10.6              115.7  
1942      8               10.7              117.8  
1942      9                9.6               90.1  
1942     10                6.0              106.0  
1942     11               -3.5               30.3  
1942     12               -4.0               10.3  
1943      1               -5.7               72.2  
1943      2               -4.5               33.2  
1943      3               -0.1               37.9  
1943      4                2.2              116.8  
1943      5                7.0              100.6  
1943      6                7.9              153.2  
1943      7               11.1              111.8  
1943      8               12.5               54.7  
1943      9                8.8              130.8  
1943     10                5.3                0.0  
1943     11               -2.6               34.1  
1943     12               -4.8               18.9  
1944      1               -5.3               67.1  
1944      2               -8.3              119.5  
1944      3               -6.2              115.0  
1944      4                2.3               17.2  
1944      5                5.9               42.6  
1944      6                8.5               95.4  
1944      7               10.8              140.8  
1944      8               13.7               75.0  
1944      9                7.5              113.4  
1944     10                2.7               78.4  
1944     11               -2.9              181.5  
1944     12               -8.0               58.5  
1945      1              -11.7               40.4  
1945      2               -2.6               93.9  
1945      3               -1.5              168.5  
1945      4                2.1               62.7  
1945      5                7.3              104.2  
1945      6               11.0               61.2  
1945      7               12.7               70.6  
1945      8               10.3              124.5  
1945      9                8.0               90.0  
1945     10                2.7               50.9  
1945     11               -3.0               32.3  
1945     12               -5.0               69.6  
1946      1               -7.4               33.9  
1946      2               -3.7              185.2  
1946      3               -1.0               11.4  
1946      4                4.2               12.3  
1946      5                7.5               85.5  
1946      6                8.4              193.0  
1946      7               12.2              126.5  
1946      8               10.7              133.9  
1946      9                9.3               40.2  
1946     10                2.9               32.0  
1946     11               -1.2               35.8  
1946     12               -6.5               39.3  
1947      1               -9.4               44.4  
1947      2               -5.7               20.0  
1947      3                0.0               92.3  
1947      4                4.1               34.0  
1947      5                8.7               62.9  
1947      6               11.1              160.7  
1947      7               13.0              157.4  
1947      8               12.4              114.0  
1947      9                9.5               26.1  
1947     10                4.7               24.8  
1947     11                0.2              141.3  
1947     12               -5.5              105.7  
1948      1               -2.9               90.1  
1948      2               -5.2              164.5  
1948      3                0.0               53.4  
1948      4                2.4               49.1  
1948      5                7.9               32.6  
1948      6                8.0              232.6  
1948      7                8.5              148.4  
1948      8               10.7              143.4  
1948      9                8.1               48.1  
1948     10                4.5               25.5  
1948     11                0.4                7.7  
1948     12               -4.0               23.0  
1949      1               -5.2              107.9  
1949      2               -5.6               16.4  
1949      3               -4.5               60.7  
1949      4                4.2               74.0  
1949      5                6.0               57.1  
1949      6                9.3               87.5  
1949      7               11.9              109.9  
1949      8               11.2               88.3  
1949      9               10.5               76.3  
1949     10                5.7               40.4  
1949     11               -1.9               47.3  
1949     12               -3.7               67.5  
1950      1               -6.8              106.0  
1950      2               -3.4               94.9  
1950      3               -1.7                7.6  
1950      4                0.1               91.7  
1950      5                7.5               68.7  
1950      6               11.6               93.6  
1950      7               13.0              149.2  
1950      8               11.3              141.4  
1950      9                7.3              109.0  
1950     10                3.4               11.6  
1950     11               -1.8              141.5  
1950     12               -7.5               28.7  
1951      1               -5.0              212.5  
1951      2               -4.5               73.1  
1951      3               -3.7               73.0  
1951      4                0.5               37.5  
1951      5                5.5               35.9  
1951      6                9.1              137.0  
1951      7               11.7              113.5  
1951      8               10.8              162.5  
1951      9                9.2               47.3  
1951     10                3.6                5.9  
1951     11                0.8              124.8  
1951     12               -3.8               26.1  
1952      1               -7.5               63.7  
1952      2               -7.3               71.9  
1952      3               -0.8               68.3  
1952      4                3.4               23.0  
1952      5                6.4               61.9  
1952      6               10.6              100.3  
1952      7               13.8               88.6  
1952      8               11.5              136.5  
1952      9                4.6              143.5  
1952     10                2.5              110.2  
1952     11               -4.3              177.7  
1952     12               -6.1               81.6  
1953      1               -9.3               18.1  
1953      2               -7.4               38.5  
1953      3               -2.1                4.5  
1953      4                2.8               47.4  
1953      5                6.9               48.5  
1953      6                7.7              188.8  
1953      7               11.3              150.0  
1953      8               10.4               81.9  
1953      9                8.9               71.2  
1953     10                5.4               63.6  
1953     11               -0.2                3.5  
1953     12               -1.7               28.6  
1954      1               -8.8              178.2  
1954      2               -5.9               25.7  
1954      3               -1.2               29.9  
1954      4                0.0               47.7  
1954      5                4.5              109.8  
1954      6                9.3              131.2  
1954      7                8.2              164.6  
1954      8                9.1              201.7  
1954      9                8.2              108.9  
1954     10                3.7               65.5  
1954     11               -0.6               19.3  
1954     12               -3.8              220.6  
1955      1               -4.1               51.5  
1955      2               -6.0              131.8  
1955      3               -4.5                9.6  
1955      4                0.3               65.2  
1955      5                4.5              107.7  
1955      6                9.0              114.5  
1955      7               10.2              132.4  
1955      8                9.5               73.4  
1955      9                7.2               68.1  
1955     10                2.2               57.5  
1955     11               -2.1               13.4  
1955     12               -2.3               63.0  
1956      1               -5.1               78.2  
1956      2              -14.8               16.1  
1956      3               -3.0               73.7  
1956      4                0.0               22.7  
1956      5                5.9               80.6  
1956      6                6.4              121.8  
1956      7               10.9              144.4  
1956      8                9.6              167.2  
1956      9                9.1              109.6  
1956     10                1.6               82.3  
1956     11               -3.7               40.9  
1956     12               -5.7                7.2  
1957      1               -6.0               41.8  
1957      2               -1.8               75.3  
1957      3                1.2               41.0  
1957      4                1.9               33.4  
1957      5                3.4               62.4  
1957      6               10.3              136.7  
1957      7               10.6              206.4  
1957      8                9.5              136.4  
1957      9                6.8               77.9  
1957     10                4.2               13.2  
1957     11                0.3               34.7  
1957     12               -4.9               25.2  
1958      1               -6.6               82.0  
1958      2               -2.8              115.9  
1958      3               -5.6               38.2  
1958      4               -0.8               56.6  
1958      5                8.2               45.8  
1958      6                8.7              134.7  
1958      7               11.4              169.0  
1958      8               11.4              131.0  
1958      9                9.6               73.6  
1958     10                2.6              174.9  
1958     11               -1.1               16.7  
1958     12               -3.7               54.1  
1959      1               -6.4               52.4  
1959      2               -3.6               22.2  
1959      3                1.0               27.6  
1959      4                2.8               29.9  
1959      5                6.3               71.6  
1959      6                8.9               98.9  
1959      7               12.0              100.3  
1959      8               10.3               47.4  
1959      9                9.3               32.0  
1959     10                3.9               52.7  
1959     11               -2.4               41.4  
1959     12               -3.7               73.0  
1960      1               -5.8               41.4  
1960      2               -3.3               40.8  
1960      3               -0.3               43.7  
1960      4                1.6               34.2  
1960      5                7.3               86.4  
1960      6               10.1               95.0  
1960      7                9.3              164.2  
1960      8                9.9              212.5  
1960      9                6.7              188.2  
1960     10                2.6              144.4  
1960     11                0.0               52.5  
1960     12               -4.7               33.0  
1961      1               -5.2               33.1  
1961      2               -2.1              128.0  
1961      3               -1.0               40.2  
1961      4                4.6               41.0  
1961      5                4.4              130.7  
1961      6               10.3               97.2  
1961      7                9.9               82.1  
1961      8               10.7               97.1  
1961      9               11.4               13.3  
1961     10                4.9               46.3  
1961     11               -0.5               21.1  
1961     12               -3.3               61.8  
1962      1               -4.7               89.1  
1962      2               -6.4              127.1  
1962      3               -5.5               43.1  
1962      4                0.4               65.2  
1962      5                3.8               96.7  
1962      6                8.2               41.9  
1962      7               10.2               66.2  
1962      8               12.0               82.2  
1962      9                7.6               91.4  
1962     10                4.1               11.2  
1962     11               -2.8               31.1  
1962     12               -7.5              140.2  
1963      1              -10.6               29.5  
1963      2               -9.0               11.1  
1963      3               -2.7               57.1  
1963      4                2.4               50.6  
1963      5                5.2               65.9  
1963      6                9.2              118.5  
1963      7               12.0              118.6  
1963      8               10.0              206.7  
1963      9                8.2               57.9  
1963     10                3.8               40.9  
1963     11                0.8              112.6  
1963     12               -6.7               14.5  
1964      1               -5.6               10.0  
1964      2               -3.6               25.7  
1964      3               -1.8               40.0  
1964      4                2.7               66.2  
1964      5                7.7               48.0  
1964      6               10.7               76.7  
1964      7               12.2               90.6  
1964      8                9.8              137.6  
1964      9                8.2               52.4  
1964     10                1.9               99.7  
1964     11                0.7              103.7  
1964     12               -5.7               54.7  
1965      1               -4.6               34.0  
1965      2               -9.8               34.4  
1965      3               -2.8               58.9  
1965      4               -0.3               63.4  
1965      5                4.6              111.5  
1965      6                9.4              151.5  
1965      7               10.1              133.9  
1965      8                9.4              139.6  
1965      9                6.0              199.5  
1965     10                5.0                2.9  
1965     11               -1.5               73.6  
1965     12               -4.5              166.6  
1966      1               -7.8               41.4  
1966      2               -0.4               54.2  
1966      3               -3.9               86.9  
1966      4                2.6               45.5  
1966      5                5.8              103.8  
1966      6                9.9              130.5  
1966      7                9.3              201.4  
1966      8                9.1              147.9  
1966      9                9.2               61.7  
1966     10                6.4               54.1  
1966     11               -3.9               77.6  
1966     12               -5.4              109.1  
1967      1               -6.0               43.2  
1967      2               -4.2               59.8  
1967      3               -1.5              130.2  
1967      4                0.2               56.2  
1967      5                5.3               96.1  
1967      6                8.0               79.6  
1967      7               12.7              142.3  
1967      8               11.1              159.4  
1967      9                7.4               94.7  
1967     10                5.8               49.4  
1967     11                0.6               62.4  
1967     12               -6.6               26.7  
1968      1               -7.3              237.9  
1968      2               -3.6               18.5  
1968      3               -2.6               75.9  
1968      4                2.7               42.9  
1968      5                5.7               84.3  
1968      6                9.3               87.1  
1968      7               10.4              120.5  
1968      8                9.3              116.5  
1968      9                6.9              119.3  
1968     10                6.0               38.5  
1968     11                0.3               60.3  
1968     12               -5.5               54.3  
1969      1               -4.2               27.3  
1969      2               -7.6               42.5  
1969      3               -1.7               17.1  
1969      4                1.5               70.6  
1969      5                7.8              116.7  
1969      6                7.6              153.8  
1969      7               12.3              129.2  
1969      8                9.8              147.3  
1969      9                9.5               36.9  
1969     10                6.0                4.3  
1969     11               -1.2               99.1  
1969     12               -8.3               29.3  
1970      1               -4.0               35.9  
1970      2               -6.3              207.0  
1970      3               -4.8               76.6  
1970      4               -1.2               93.8  
1970      5                4.1               87.4  
1970      6               10.6               71.0  
1970      7               10.9              108.2  
1970      8               10.9              254.6  
1970      9                9.0               73.8  
1970     10                3.2              122.9  
1970     11                0.4               78.1  
1970     12               -5.6               28.9  
1971      1               -4.7               15.1  
1971      2               -5.2               61.0  
1971      3               -5.9               27.5  
1971      4                4.2               20.8  
1971      5                7.7               78.3  
1971      6                7.8              153.3  
1971      7               12.5               74.9  
1971      8               12.6              124.9  
1971      9                7.4               30.9  
1971     10                5.4               12.6  
1971     11               -2.1               68.6  
1971     12               -2.4               35.4  
1972      1               -4.6               12.7  
1972      2               -1.1                9.9  
1972      3                1.1               21.7  
1972      4                1.2               70.8  
1972      5                5.1               91.8  
1972      6                8.2              119.8  
1972      7               10.2              172.2  
1972      8               10.3               58.7  
1972      9                5.1               27.2  
1972     10                3.0               98.6  
1972     11               -1.0               82.1  
1972     12               -3.1               14.0  
1973      1               -3.8               41.3  
1973      2               -6.7               50.3  
1973      3               -3.4               17.7  
1973      4               -1.7               55.0  
1973      5                7.3               82.8  
1973      6               10.1              120.9  
1973      7               10.3              163.6  
1973      8               12.9               93.0  
1973      9                9.1              103.9  
1973     10                2.8               73.6  
1973     11               -1.1              106.5  
1973     12               -5.0              115.6  
1974      1               -2.3               77.1  
1974      2               -2.7               62.3  
1974      3               -0.4               32.5  
1974      4                1.3               32.9  
1974      5                4.9              107.6  
1974      6                7.2              158.7  
1974      7               10.6              137.2  
1974      8               11.9              111.5  
1974      9                7.7              117.3  
1974     10               -1.6               86.2  
1974     11               -1.5               96.8  
1974     12               -3.3              102.8  
1975      1               -2.3               80.5  
1975      2               -3.9                6.2  
1975      3               -2.7               70.3  
1975      4                0.9               64.2  
1975      5                6.5               59.2  
1975      6                7.9              140.8  
1975      7               11.1              152.2  
1975      8               11.0              132.1  
1975      9               10.3               77.3  
1975     10                3.4               25.6  
1975     11               -1.3               79.9  
1975     12               -4.2               10.1  
1976      1               -5.3               85.3  
1976      2               -2.5               10.4  
1976      3               -2.4                9.2  
1976      4                1.6               32.6  
1976      5                7.1               74.2  
1976      6               10.9               98.2  
1976      7               11.1              185.0  
1976      8                8.9              107.3  
1976      9                6.1              195.1  
1976     10                5.8               90.7  
1976     11               -1.8               67.4  
1976     12               -6.6               71.8  
1977      1               -4.2               60.5  
1977      2               -2.8              108.7  
1977      3                0.8               67.2  
1977      4                0.1              108.6  
1977      5                6.1               71.0  
1977      6                9.3               84.7  
1977      7               10.9              152.1  
1977      8                9.4              199.8  
1977      9                6.9               43.7  
1977     10                6.5               30.7  
1977     11               -1.8               60.6  
1977     12               -2.9               52.6  
1978      1               -5.1               62.5  
1978      2               -4.4               68.6  
1978      3               -1.4              126.7  
1978      4                0.5               33.2  
1978      5                4.2              122.9  
1978      6                8.0              121.2  
1978      7               10.1              151.4  
1978      8                9.7              124.9  
1978      9                7.6              114.6  
1978     10                4.0               69.3  
1978     11                0.4                4.2  
1978     12               -2.2               32.5  
1979      1               -7.2               63.2  
1979      2               -3.6               30.5  
1979      3               -1.1              154.7  
1979      4               -0.6               44.8  
1979      5                5.6               93.2  
1979      6                9.5              123.1  
1979      7               10.2              105.1  
1979      8                9.5              172.5  
1979      9                7.9              162.3  
1979     10                6.2              105.3  
1979     11               -2.3              156.7  
1979     12               -2.5              108.6  
1980      1               -6.2               51.4  
1980      2               -2.9               63.0  
1980      3               -1.5               47.8  
1980      4               -1.5               58.1  
1980      5                4.4               59.3  
1980      6                7.4              182.1  
1980      7                9.2              180.6  
1980      8               12.0               92.4  
1980      9                9.3               20.7  
1980     10                2.9              169.9  
1980     11               -1.3               37.4  
1980     12               -6.4               60.1  
1981      1               -8.1              167.9  
1981      2               -7.1               32.2  
1981      3                0.7               82.3  
1981      4                3.6               16.7  
1981      5                6.2               99.1  
1981      6                9.8               67.0  
1981      7               10.1              244.7  
1981      8               11.5               66.6  
1981      9                8.8              158.2  
1981     10                3.3              110.1  
1981     11               -2.2               78.8  
1981     12               -5.7              103.8  
1982      1               -3.6              141.8  
1982      2               -4.8                4.1  
1982      3               -3.1               49.8  
1982      4                0.2               16.5  
1982      5                6.2               66.5  
1982      6               10.1              206.7  
1982      7               13.0               98.3  
1982      8               10.7              186.2  
1982      9               10.2               73.5  
1982     10                4.0               42.5  
1982     11                0.8               63.2  
1982     12               -3.7               65.7  
1983      1               -3.6              177.9  
1983      2               -8.0               31.4  
1983      3               -1.0               33.9  
1983      4                2.3               63.0  
1983      5                4.5              204.1  
1983      6               10.0               63.7  
1983      7               15.0               50.7  
1983      8               11.2              126.6  
1983      9                8.9              163.2  
1983     10                4.8               49.4  
1983     11                0.1               74.3  
1983     12               -3.8               47.9  
1984      1               -5.7               65.3  
1984      2               -7.6               87.1  
1984      3               -4.6               41.2  
1984      4                0.1               26.8  
1984      5                4.0               71.5  
1984      6                8.7              116.7  
1984      7               11.3               58.3  
1984      8               10.6              105.6  
1984      9                6.2              227.0  
1984     10                5.2               47.9  
1984     11                2.1               39.3  
1984     12               -3.2               28.6  
1985      1               -9.6               43.3  
1985      2               -4.3               46.2  
1985      3               -2.9               29.9  
1985      4                1.1              107.6  
1985      5                6.5               74.5  
1985      6                7.8              115.6  
1985      7               13.2              142.3  
1985      8               10.8              217.4  
1985      9                9.8               48.1  
1985     10                5.5                6.1  
1985     11               -4.7               52.2  
1985     12               -1.6               30.7  
1986      1               -6.2              192.7  
1986      2               -9.2               13.0  
1986      3               -0.8               42.1  
1986      4                1.0               70.2  
1986      5                8.7               71.8  
1986      6                9.5               94.9  
1986      7               11.1              127.5  
1986      8               11.4              166.8  
1986      9                9.2               27.6  
1986     10                5.7               46.4  
1986     11                0.5               23.9  
1986     12               -3.8              116.5  
1987      1               -7.9               50.4  
1987      2               -3.8               54.4  
1987      3               -5.7               80.1  
1987      4                2.3               46.4  
1987      5                3.6              133.2  
1987      6                7.8              219.7  
1987      7               12.0              241.3  
1987      8               11.1              126.8  
1987      9               11.3               94.5  
1987     10                6.7               33.8  
1987     11               -0.5               42.7  
1987     12               -1.4               48.5  
1988      1               -2.2               51.2  
1988      2               -5.3               58.5  
1988      3               -3.8              177.5  
1988      4                3.0               30.5  
1988      5                7.8              132.1  
1988      6                8.7              111.2  
1988      7               12.4               88.5  
1988      8               11.8              167.0  
1988      9                8.3               67.3  
1988     10                6.9               68.3  
1988     11               -1.9               27.2  
1988     12               -3.7              122.9  
1989      1               -2.8                9.3  
1989      2               -1.2               37.0  
1989      3                1.4               44.1  
1989      4                1.8               91.0  
1989      5                7.2               44.8  
1989      6                8.3              111.6  
1989      7               12.0              110.7  
1989      8               11.5               90.0  
1989      9                8.3               67.5  
1989     10                5.3               37.2  
1989     11               -0.6               34.0  
1989     12               -1.2               46.0  
1990      1               -3.3               16.3  
1990      2               -0.2              230.7  
1990      3                0.4               15.0  
1990      4                0.9               69.8  
1990      5                8.1               59.5  
1990      6                9.3              173.1  
1990      7               12.1              114.8  
1990      8               12.1               93.3  
1990      9                7.4               83.0  
1990     10                6.6               64.6  
1990     11               -1.7               67.9  
1990     12               -6.6               34.3  
1991      1               -4.4               23.3  
1991      2               -6.4               20.9  
1991      3                2.2               42.3  
1991      4                0.6               21.5  
1991      5                2.7               63.8  
1991      6                8.8              120.5  
1991      7               13.7              156.5  
1991      8               13.1               29.0  
1991      9               10.6              110.0  
1991     10                3.7               18.9  
1991     11               -1.3               44.8  
1991     12               -5.1              191.9  
1992      1               -4.9                6.7  
1992      2               -4.1               87.6  
1992      3               -1.1              141.1  
1992      4                1.4               62.8  
1992      5                8.1               47.5  
1992      6                9.8               76.1  
1992      7               12.7              123.2  
1992      8               14.7              119.4  
1992      9                8.8               53.6  
1992     10                2.3               79.2  
1992     11                0.9              121.5  
1992     12               -3.6               57.0  
1993      1               -2.4               43.2  
1993      2               -4.7               35.3  
1993      3               -2.3               21.6  
1993      4                3.1               60.9  
1993      5                8.5               66.4  
1993      6               10.2              149.7  
1993      7               10.6              145.9  
1993      8               12.2              142.5  
1993      9                7.7               94.3  
1993     10                4.0              112.7  
1993     11               -2.4               26.0  
1993     12               -3.2              104.4  
1994      1               -3.9               96.0  
1994      2               -4.4               42.8  
1994      3                2.1               42.1  
1994      4                1.0               75.3  
1994      5                7.4              109.8  
1994      6               10.5              104.3  
1994      7               14.6              104.8  
1994      8               13.0              182.7  
1994      9                8.9              180.6  
1994     10                4.7               24.4  
1994     11                3.1               81.8  
1994     12               -2.1               33.2  
1995      1               -6.6              156.1  
1995      2               -1.6               54.0  
1995      3               -3.5               72.0  
1995      4                2.4               67.1  
1995      5                6.7               89.5  
1995      6                8.2              115.6  
1995      7               14.3              145.5  
1995      8               10.8              223.0  
1995      9                6.0               76.0  
1995     10                7.5                2.9  
1995     11               -1.5               52.4  
1995     12               -4.0               48.4  
1996      1               -1.7                1.4  
1996      2               -6.3               26.3  
1996      3               -3.1               33.2  
1996      4                3.0               36.4  
1996      5                6.8              100.5  
1996      6               11.1              118.9  
1996      7               11.1              165.2  
1996      8               11.0              152.9  
1996      9                5.4               72.5  
1996     10                4.1               97.0  
1996     11               -0.4              164.1  
1996     12               -3.6               27.0  
1997      1               -2.8               11.3  
1997      2               -2.1               41.6  
1997      3                0.8               52.9  
1997      4                0.5               76.2  
1997      5                7.1               70.9  
1997      6               10.1              179.3  
1997      7               10.4              179.2  
1997      8               12.9              118.1  
1997      9               10.5               43.9  
1997     10                4.9               56.8  
1997     11                0.4               68.3  
1997     12               -3.1               60.7  
1998      1               -4.3               41.9  
1998      2               -0.9                8.6  
1998      3               -1.7               63.9  
1998      4                2.2               64.7  
1998      5                8.0               31.9  
1998      6               10.9              153.4  
1998      7               12.4              151.7  
1998      8               12.6               93.3  
1998      9                7.9              124.2  
1998     10                3.6              124.4  
1998     11               -4.2               47.7  
1998     12               -4.4               28.0  
1999      1               -3.7               77.2  
1999      2               -6.8              236.9  
1999      3               -0.5               38.4  
1999      4                1.9               86.5  
1999      5                8.5              121.3  
1999      6                9.0              174.1  
1999      7               12.6               77.0  
1999      8               12.1              169.4  
1999      9               10.6              172.8  
1999     10                5.4               71.1  
1999     11               -2.8               55.8  
1999     12               -4.6               89.2  
2000      1               -6.5               72.6  
2000      2               -3.1               88.4  
2000      3               -1.0              108.0  
2000      4                3.2               51.1  
2000      5                8.5               66.7  
2000      6               11.8               63.9  
2000      7               10.1              234.0  
2000      8               12.9              185.1  
2000      9                9.2               85.0  
2000     10                5.7               76.4  
2000     11               -0.6              144.2  
2000     12               -1.2               14.4  
2001      1               -4.2               64.1  
2001      2               -3.4               90.5  
2001      3                1.3               92.6  
2001      4                0.4               82.3  
2001      5                9.4               38.5  
2001      6                8.8              287.9  
2001      7               12.3              156.2  
2001      8               13.3              159.5  
2001      9                5.3              137.8  
2001     10                7.8               52.9  
2001     11               -1.7               68.1  
2001     12               -6.9               37.8  
2002      1               -4.3               13.8  
2002      2               -1.0               38.1  
2002      3                0.4              118.6  
2002      4                2.5               41.0  
2002      5                7.3              136.3  
2002      6               12.8               99.1  
2002      7               12.1              132.3  
2002      8               11.4              207.4  
2002      9                6.9               71.1  
2002     10                4.6               95.2  
2002     11                0.9              224.7  
2002     12               -2.3               49.9  
2003      1               -6.3               45.4  
2003      2               -7.4               28.6  
2003      3                0.6                8.1  
2003      4                2.5               32.4  
2003      5                8.7               81.4  
2003      6               15.2              111.9  
2003      7               13.3              125.9  
2003      8               15.7              105.1  
2003      9                8.7               35.7  
2003     10                1.8              193.6  
2003     11                1.9               36.1  
2003     12               -2.7               44.5  
2004      1               -5.8              126.0  
2004      2               -4.4               49.2  
2004      3               -1.9               17.7  
2004      4                2.7               30.3  
2004      5                5.4               64.2  
2004      6               10.0              111.5  
2004      7               12.0              102.8  
2004      8               12.4              196.2  
2004      9                9.2               84.9  
2004     10                7.0               35.8  
2004     11               -0.9               32.1  
2004     12               -3.4               30.4  
2005      1               -6.5               79.9  
2005      2               -9.0               48.7  
2005      3               -1.7               25.9  
2005      4                3.1               35.0  
2005      5                7.7              125.3  
2005      6               11.9              102.6  
2005      7               12.1               90.7  
2005      8               10.1              192.1  
2005      9                9.6               52.5  
2005     10                6.5               45.5  
2005     11               -1.4               22.4  
2005     12               -6.9              102.3  
2006      1               -6.8               27.7  
2006      2               -5.5               37.8  
2006      3               -3.2               61.9  
2006      4                2.6               60.6  
2006      5                7.1              111.5  
2006      6               11.9               62.8  
2006      7               16.1               89.0  
2006      8                8.9              139.6  
2006      9               12.0               48.4  
2006     10                7.9               60.4  
2006     11                1.5               47.5  
2006     12               -1.8               41.3  
2007      1               -2.4               82.3  
2007      2               -1.0               40.5  
2007      3               -0.3               35.9  
2007      4                7.1               20.3  
2007      5                8.0               98.1  
2007      6               11.3              130.0  
2007      7               12.2              117.7  
2007      8               11.2              178.5  
2007      9                6.7              108.3  
2007     10                4.0               25.9  
2007     11               -2.5              118.9  
2007     12               -5.0               49.9  
2008      1               -2.6               43.9  
2008      2               -2.0               16.3  
2008      3               -2.4               69.8  
2008      4                1.1              136.9  
2008      5                8.6               51.7  
2008      6               11.4              116.5  
2008      7               11.7              218.3  
2008      8               12.2              160.9  
2008      9                7.4               96.2  
2008     10                5.1               59.1  
2008     11               -0.9              117.0  
2008     12               -4.4               77.1  
2009      1               -6.9               36.6  
2009      2               -5.6               61.3  
2009      3               -2.4               74.1  
2009      4                4.3               47.6  
2009      5                9.4               56.9  
2009      6               10.0              125.4  
2009      7               12.6              164.3  
2009      8               13.8              103.4  
2009      9               10.2               45.0  
2009     10                4.1               62.7  
2009     11                1.3               83.2  
2009     12               -5.8               68.1  
2010      1               -7.7               13.3  
2010      2               -5.3               30.1  
2010      3               -2.4               48.5  
2010      4                3.1               48.3  
2010      5                5.4              152.8  
2010      6               10.8               90.9  
2010      7               14.1              112.6  
2010      8               11.1              234.4  
2010      9                7.4               93.0  
2010     10                3.7               36.3  
2010     11               -1.0               88.3  
2010     12               -6.4               54.9  
2011      1               -4.9               38.8  
2011      2               -2.3               17.4  
2011      3                0.6               25.5  
2011      4                5.5               22.0  
2011      5                8.7              126.3  
2011      6               10.7              119.7  
2011      7               10.4              158.3  
2011      8               13.5              128.5  
2011      9               10.5              129.1  
2011     10                4.3              111.1  
2011     11                2.8                0.0  
2011     12               -3.1              193.7  
2012      1               -5.1              175.9  
2012      2               -9.5               47.4  
2012      3                1.0               26.3  
2012      4                2.7               68.3  
2012      5                7.9               48.2  
2012      6               12.0              186.0  
2012      7               12.4              168.1  
2012      8               14.0              156.1  
2012      9                9.2               88.4  
2012     10                5.4              101.4  
2012     11                1.5               56.4  
2012     12               -4.7              110.1  
2013      1               -4.7               39.0  
2013      2               -7.8               39.9  
2013      3               -1.8               31.6  
2013      4                3.8               37.0  
2013      5                5.4              142.9  
2013      6                9.9              106.5  
2013      7               14.4               62.7  
2013      8               13.0               95.9  
2013      9                9.0              130.2  
2013     10                6.4              115.6  
2013     11               -1.9               93.9  
2013     12               -2.0               28.6  
2014      1               -2.6               55.0  
2014      2               -2.1               66.2  
2014      3                0.7               35.4  
2014      4                4.4               36.4  
2014      5                6.4               48.0  
2014      6               11.4              152.2  
2014      7               11.8              173.3  
2014      8               10.4              167.3  
2014      9                9.2               60.2  
2014     10                6.4              102.4  
2014     11                3.5               75.6  
2014     12               -2.2               49.6  
2015      1               -4.1               87.6  
2015      2               -5.5               22.7  
2015      3               -0.2               76.7  
2015      4                3.1               45.1  
2015      5                7.7              136.2  
2015      6               11.8               95.5  
2015      7               16.0               75.7  
2015      8               14.1               90.2  
2015      9                7.6              130.0  
2015     10                4.5               67.1  
2015     11                2.2               21.6  
